p = 1.007276 ; 
n = 1.008665 ; 
e = .0005485899 ; 
R = 10973700 ;
c = 3*10^8 ; 
h = 6.626*10^-34 ;
jev = 1.602*10^-19 ; 