ev = 1.602*10^-19 ; 
mev = ev*1000000 ; kev = ev * 1000 ; 
me = 5.485899*10^-4 ; 
mp = 1.007276  ;
mn = 1.008665 ; 
u1 = 931.5  ; % mev/c^2